OTBPOS|Land_BagBunker_Small_F|[[-0.1,1.2,0.09],[-0.9,-1.2,0.09],[0.9,-1.2,0.09]]
OTBPOS|Land_BagBunker_Tower_F|[]
OTBPOS|Land_Cargo_Patrol_V1_F|[[2.1,0.8,2.37],[-2.3,0.8,4.44]]
OTBPOS|Land_i_Addon_02_V1_F|[[2.7,1.7,0.63],[-1.3,3.5,0.63],[-1.3,0.2,0.63]]
OTBPOS|Land_i_Garage_V2_F|[[4,-1.9,0.29],[-3.8,-0.9,0.29],[0.5,1,0.29]]
OTBPOS|Land_i_House_Big_01_V1_F|[[0.7,5.8,0.56],[1.4,-4.3,4.07],[-0.7,-0.5,0.63],[0.3,2,3.96],[3.6,6,4],[-2.7,0.6,4],[-3.6,5.4,4],[0.2,-6.1,4.07],[-3.4,-3.6,4]]
OTBPOS|Land_i_House_Big_02_V2_F|[[3.5,-5.7,0.42],[0.1,-3.3,0.42],[-0.6,-5.3,3.86],[3.3,6.3,3.86],[3.3,4.4,0.42],[4.2,2.9,3.86],[0.2,4.5,3.86],[-0.7,2.1,3.86],[1.1,1.5,0.42]]
OTBPOS|Land_i_House_Big_02_V3_F|[[3.5,-5.7,0.42],[0.1,-3.3,0.42],[-0.6,-5.3,3.86],[3.3,6.3,3.86],[3.3,4.4,0.42],[4.2,2.9,3.86],[0.2,4.5,3.86],[-0.7,2.1,3.86],[1.1,1.5,0.42]]
OTFLOORS|Land_BagBunker_Small_F|[[-2,-2,[2,0.97]],[-2,-1,[2,0.97]],[-2,0,[2,0.97]],[-2,1,[2]],[-1,-2,[2,0.97]],[-1,-1,[2]],[-1,0,[2]],[-1,1,[2]],[0,-2,[2,0.97]],[0,-1,[2]],[0,0,[2]],[0,1,[2]],[1,-2,[2,0.97]],[1,-1,[2]],[1,0,[2]],[1,1,[2]],[2,-2,[2,0.97]],[2,-1,[2,0.97]],[2,0,[2,0.97]],[2,1,[2]]]
OTFLOORS|Land_BagBunker_Tower_F|[[-2,-4,[2.75,1.36]],[-2,-3,[2.75,1.36]],[-2,-2,[2.75,1.36]],[-2,-1,[2.75,1.36]],[-2,0,[2.75,1.36]],[-2,1,[2.75,1.36]],[-2,2,[2.75,1.36]],[-2,3,[2.75,1.36]],[-2,4,[1.36]],[-1,-4,[2.75,1.36]],[-1,-3,[4.9,2.75]],[-1,-2,[4.9,2.75]],[-1,-1,[4.9,2.75]],[-1,0,[2.75]],[-1,1,[2.75]],[-1,2,[2.75]],[-1,3,[2.75]],[-1,4,[1.36]],[0,-4,[2.75,1.36]],[0,-3,[4.9,2.75]],[0,-2,[4.9,2.75]],[0,-1,[4.9,2.75]],[0,0,[2.75]],[0,1,[2.75]],[0,2,[2.75]],[0,3,[2.75]],[0,4,[1.36]],[1,-4,[2.75,1.36]],[1,-3,[4.9]],[1,-2,[4.9,2.75]],[1,-1,[4.9,2.75]],[1,0,[2.75]],[1,1,[2.75]],[1,2,[2.75]],[1,3,[2.75]],[1,4,[1.36]],[2,-4,[2.75,1.36]],[2,-3,[3.56,2.75,1.36]],[2,-2,[3.56,2.75,1.36]],[2,-1,[2.75,1.36]],[2,0,[2.75]],[2,1,[2.75]],[2,2,[2.75,1.36]],[2,3,[2.75,1.36]],[2,4,[1.36]]]
OTFLOORS|Land_Cargo_Patrol_V1_F|[[-3,-3,[5.3,0.15]],[-3,-2,[6.66,4.14]],[-3,-1,[6.66,4.14]],[-3,0,[4.14]],[-3,1,[6.66,4.14]],[-3,2,[6.66,4.14]],[-3,3,[5.3,0.15]],[-2,-3,[6.39]],[-2,-2,[6.66,4.33,4.14]],[-2,-1,[6.66,4.33,4.14]],[-2,0,[4.14]],[-2,1,[4.14]],[-2,2,[4.14]],[-1,-3,[6.39]],[-1,-2,[6.66,4.33,4.14]],[-1,-1,[6.66,4.33,4.14]],[-1,0,[4.14]],[-1,1,[4.14]],[-1,2,[4.14]],[0,-2,[6.66,4.33,4.14]],[0,-1,[6.66,4.33,4.14]],[0,0,[4.14,1]],[0,1,[6.66,5.09,4.14,1]],[0,2,[6.66,3.28]],[1,-3,[6.39]],[1,-2,[6.66,4.33,4.14]],[1,-1,[6.66,4.33,4.14]],[1,0,[4.14,1.97,1.91]],[1,1,[5.09,4.14,1.97,1.91]],[1,2,[2.34,1.97]],[2,-3,[6.39]],[2,-2,[6.66,4.33,4.14]],[2,-1,[6.66,4.33,4.14]],[2,0,[4.14,1.97]],[2,1,[4.14,1.97]],[2,2,[4.14,1.97]],[3,-3,[5.3,0.15]],[3,-2,[6.66,6.59,5.47,4.14]],[3,-1,[6.66,6.59,5.47,4.14]],[3,0,[6.67,5.26,4.14]],[3,1,[6.66,5.26,4.14]],[3,2,[6.66,5.26,4.14]],[3,3,[5.3,0.15]]]
OTFLOORS|Land_i_Addon_02_V1_F|[[-4,0,[3.21]],[-4,1,[3.32]],[-4,2,[3.43]],[-4,3,[3.55]],[-4,4,[3.66]],[-3,0,[3.21,0.27]],[-3,1,[3.32,0.27]],[-3,2,[3.43,0.27]],[-3,3,[3.55,0.27]],[-3,4,[3.66,0.27]],[-2,0,[3.21,0.27]],[-2,1,[3.32,0.27]],[-2,2,[3.43,0.27]],[-2,3,[3.55,0.27]],[-2,4,[3.66,0.27]],[-1,0,[3.21,0.27]],[-1,1,[3.32,0.27]],[-1,2,[3.43,0.27]],[-1,3,[3.55,0.27]],[-1,4,[3.66,0.27]],[0,0,[3.21,0.27]],[0,1,[3.32,0.27]],[0,2,[3.43,0.27]],[0,3,[3.55,0.27]],[0,4,[3.66,0.27]],[1,0,[3.21,0.27]],[1,1,[3.32,0.27]],[1,2,[3.43,0.27]],[1,3,[3.55,0.27]],[1,4,[3.66,0.27]],[2,-1,[0.17]],[2,0,[3.21,0.27]],[2,1,[3.32,0.27]],[2,2,[3.43,0.27]],[2,3,[3.55,0.27]],[2,4,[3.66,0.27]],[3,-1,[0.17]],[3,0,[3.21,0.27]],[3,1,[3.32,0.27]],[3,2,[3.43,0.27]],[3,3,[3.55,0.27]],[3,4,[3.66,0.27]],[4,0,[3.21,2.99]],[4,1,[3.32,3.1]],[4,2,[3.43,3.22]],[4,3,[3.55,3.33]],[4,4,[3.66,3.44]]]
OTFLOORS|Land_i_Garage_V2_F|[[-4,-3,[3.6]],[-4,-2,[3.6,0.14]],[-4,-1,[3.6,0.14]],[-4,0,[3.6,0.14]],[-4,1,[3.6,0.14]],[-4,2,[3.6,0.14]],[-4,3,[3.6,3.4,0.04]],[-3,-3,[3.59]],[-3,-2,[3.59,0.14]],[-3,-1,[3.59,0.14]],[-3,0,[3.59,0.14]],[-3,1,[3.59,0.14]],[-3,2,[3.59,0.14]],[-3,3,[3.59,3.4,0.04]],[-2,-3,[3.57]],[-2,-2,[3.57,0.14]],[-2,-1,[3.57,0.14]],[-2,0,[3.57,0.14]],[-2,1,[3.57,0.14]],[-2,2,[3.57,0.14]],[-2,3,[3.57,3.4,0.04]],[-1,-3,[3.56]],[-1,-2,[3.56,0.14]],[-1,-1,[3.56,0.14]],[-1,0,[3.56,0.14]],[-1,1,[3.56,0.14]],[-1,2,[3.56,0.14]],[-1,3,[3.56,3.4,0.04]],[0,-3,[3.55]],[0,-2,[3.55,0.14]],[0,-1,[3.55,0.14]],[0,0,[3.55,0.14]],[0,1,[3.55,0.14]],[0,2,[3.55,0.14]],[0,3,[3.55,3.4,0.04]],[1,-3,[3.54]],[1,-2,[3.54,0.14]],[1,-1,[3.54,0.14]],[1,0,[3.54,0.14]],[1,1,[3.54,0.14]],[1,2,[3.54,0.14]],[1,3,[3.54,3.4,0.04]],[2,-3,[3.52]],[2,-2,[3.52,0.14]],[2,-1,[3.52,0.14]],[2,0,[3.52,0.14]],[2,1,[3.52,0.14]],[2,2,[3.52,0.14]],[2,3,[3.52,3.4,0.04]],[3,-3,[3.51]],[3,-2,[3.51,0.14]],[3,-1,[3.51,0.14]],[3,0,[3.51,0.14]],[3,1,
OTFLOORS|Land_i_House_Big_01_V1_F|[[-5,-7,[7.35]],[-5,-6,[7.34]],[-5,-5,[7.33]],[-5,-4,[7.32]],[-5,-3,[7.31]],[-5,-2,[7.3]],[-5,-1,[7.29]],[-5,0,[7.28]],[-5,1,[7.29]],[-5,2,[7.3]],[-5,3,[7.31]],[-5,4,[7.32]],[-5,5,[7.33]],[-5,6,[7.34]],[-5,7,[7.35]],[-5,8,[7.21]],[-4,-7,[7.58,3.89,0.29]],[-4,-6,[7.77,3.89,0.29]],[-4,-5,[7.76,3.89,0.29]],[-4,-4,[7.75,3.89,0.29]],[-4,-3,[7.74,3.89,0.29]],[-4,-2,[7.73,3.89,0.29]],[-4,-1,[7.72,3.89,0.29]],[-4,0,[7.71,3.89,0.29]],[-4,1,[7.72,3.89,3.84,0.29]],[-4,2,[7.73,3.89,0.29]],[-4,3,[7.74,7.14,4,3.89,0.29]],[-4,4,[7.75,3.89,0.29]],[-4,5,[7.76,3.89,0.29]],[-4,6,[7.77,3.89,0.29]],[-4,7,[7.67,3.89,0.29]],[-4,8,[7.21]],[-3,-7,[7.58,3.89,0.29]],[-3,-6,[8.03,3.89,0.29]],[-3,-5,[8.19,3.89,0.29]],[-3,-4,[8.18,3.89,0.29]],[-3,-3,[8.18,3.89,0.29]],[-3,-2,[8.17,3.89,0.29]],[-3,-1,[8.16,3.89,0.29]],[-3,0,[8.15,3.89,0.29]],[-3,1,[8.16,3.89,3.84,0.29]],[-3,2,[8.16,3.89,0.29]],[-3,3,[8.17,7.14,4,3.89,0.29]],[-3,4,[8.18,3.89,0.29]],[-3,5,[8.19,3.89,0.29]],[-3,6,[8.13,3.89,0.29]],[-3,7,[7.
OTFLOORS|Land_i_House_Big_02_V2_F|[[-4,-6,[0.18]],[-4,-5,[3.59,0.18]],[-4,-4,[7.1,3.62,0.2]],[-4,-3,[7.4,3.62,0.2]],[-4,-2,[7.7,3.62,0.2]],[-4,-1,[7.99,3.62,0.2]],[-4,0,[8.28,3.62,0.2]],[-4,1,[8.28,3.62,0.2]],[-4,2,[8,3.62,0.2]],[-4,3,[7.73,3.62,0.2]],[-4,4,[7.45,3.62,0.2]],[-4,5,[7.17,3.62,0.2]],[-3,-6,[0.18]],[-3,-5,[3.59,0.18]],[-3,-4,[7.1,3.62,0.2]],[-3,-3,[7.4,3.62,0.2]],[-3,-2,[7.7,3.62,0.2]],[-3,-1,[7.98,3.62,0.2]],[-3,0,[8.24,3.62,0.2]],[-3,1,[8.27,3.62,0.2]],[-3,2,[7.99,3.62,0.2]],[-3,3,[7.71,3.62,0.2]],[-3,4,[7.43,3.62,0.2]],[-3,5,[7.15,3.62,0.2]],[-3,6,[3.59]],[-3,7,[4.52,3.59]],[-2,-6,[0.18]],[-2,-5,[3.59,0.18]],[-2,-4,[7.1,3.62,0.2]],[-2,-3,[7.4,3.62,0.2]],[-2,-2,[7.68,3.62,0.2]],[-2,-1,[7.94,3.62,0.2]],[-2,0,[8.2,3.62,0.2]],[-2,1,[8.25,3.62,0.2]],[-2,2,[7.97,3.62,0.2]],[-2,3,[7.69,3.62,0.2]],[-2,4,[7.42,3.62,0.2]],[-2,5,[7.14,3.62,0.2]],[-2,6,[3.59]],[-2,7,[4.52,3.59]],[-1,-6,[0.18]],[-1,-5,[3.59,0.18]],[-1,-4,[7.1,3.62,0.2]],[-1,-3,[7.38,3.62,0.2]],[-1,-2,[7.64,3.62,0.2]],[-1,-1,[7.9,3.62,0.
OTFLOORS|Land_i_House_Big_02_V3_F|[[-4,-6,[0.18]],[-4,-5,[3.59,0.18]],[-4,-4,[7.1,3.62,0.2]],[-4,-3,[7.4,3.62,0.2]],[-4,-2,[7.7,3.62,0.2]],[-4,-1,[7.99,3.62,0.2]],[-4,0,[8.28,3.62,0.2]],[-4,1,[8.28,3.62,0.2]],[-4,2,[8,3.62,0.2]],[-4,3,[7.73,3.62,0.2]],[-4,4,[7.45,3.62,0.2]],[-4,5,[7.17,3.62,0.2]],[-3,-6,[0.18]],[-3,-5,[3.59,0.18]],[-3,-4,[7.1,3.62,0.2]],[-3,-3,[7.4,3.62,0.2]],[-3,-2,[7.7,3.62,0.2]],[-3,-1,[7.98,3.62,0.2]],[-3,0,[8.24,3.62,0.2]],[-3,1,[8.27,3.62,0.2]],[-3,2,[7.99,3.62,0.2]],[-3,3,[7.71,3.62,0.2]],[-3,4,[7.43,3.62,0.2]],[-3,5,[7.15,3.62,0.2]],[-3,6,[3.59]],[-3,7,[4.52,3.59]],[-2,-6,[0.18]],[-2,-5,[3.59,0.18]],[-2,-4,[7.1,3.62,0.2]],[-2,-3,[7.4,3.62,0.2]],[-2,-2,[7.68,3.62,0.2]],[-2,-1,[7.94,3.62,0.2]],[-2,0,[8.2,3.62,0.2]],[-2,1,[8.25,3.62,0.2]],[-2,2,[7.97,3.62,0.2]],[-2,3,[7.69,3.62,0.2]],[-2,4,[7.42,3.62,0.2]],[-2,5,[7.14,3.62,0.2]],[-2,6,[3.59]],[-2,7,[4.52,3.59]],[-1,-6,[0.18]],[-1,-5,[3.59,0.18]],[-1,-4,[7.1,3.62,0.2]],[-1,-3,[7.38,3.62,0.2]],[-1,-2,[7.64,3.62,0.2]],[-1,-1,[7.9,3.62,0.
OTGATEWAY|Land_ConcreteWall_01_l_gate_F|shut [-5.3,-5.2,-5.1,-5,-4.9,-4.8,-4.7]|open [-5.3,-5.2,-5.1,-5,-4.9,-4.8,-4.7,-4,-3.9,-3.8,-3.7,-3.6,-3.5,-3.4,-3.3,-3.2,-3.1,-3,-2.9,-2.8,-2.7,-2.6,-2.5,-2.4,-2.3,-2.2,-2.1,-2,-1.9,-1.8,-1.7,-1.6,-1.5,-1.4,-1.3,-1.2,-1.1,-1,-0.9,-0.8,-0.7,-0.6,-0.5,-0.4,-0.3,-0.2,-0.1,0,0.1]
OTGATEWAY|Land_NetFence_01_m_gate_F|shut [-2,-1,-0.9,-0.8,-0.7,-0.6,-0.5,-0.4,-0.3,-0.2,-0.1,0,0.1,0.2,0.3,0.4,0.5,0.6,0.7,0.8,0.9,1,1.1]|open [-2,-1.8,-1.7,-1.6,-1.5,-1.4,-1.3,-1.2,-1.1,-1,-0.9,-0.8,-0.7,-0.6,-0.5,-0.4,-0.3,-0.2,-0.1,0,0.1,0.2,0.3,0.4,0.5,0.6,0.7,0.8,0.9,1,1.1,1.2,1.3,1.4,1.5,1.6,1.7,1.8,1.9]
OTGATEWAY|Land_i_Addon_02_V1_F|shut [-4.5,-4.4,-4.3,-4.2,-4.1,-4,-3.9,-1.8,-1.7,-1.6,-1.5,-1.4,-1.3,-1.2,-1.1,-1,-0.9,4.2,4.3,4.4,4.5]|open [-4.5,-4.4,-4.3,-4.2,-4.1,-4,-3.9,-1.8,-1.7,-1.6,-1.5,-1.4,-1.3,-1.2,-1.1,-1,-0.9,4.2,4.3,4.4,4.5]
OTGATEWAY|Land_i_Garage_V2_F|shut [-9,-8.9,-8.8,-8.7,-8.6,-8.5,-8.4,-8.3,-8.2,-8.1,-8,-7.9,-7.8,-7.7,-7.6,-7.5,-7.4,-7.3,-7.2,-7.1,-7,-6.9,-6.8,-6.7,-6.6,-6.5,-6.4,-6.3,-6.2,-6.1,-6,-5.9,-5.8,-5.7,-5.6,-5.5,-5.4,-5.3,-5.2,-5.1,-5,-4.9,-4.8,-4.7,-4.6,5.5,5.6,5.7,5.8,5.9,6,6.1,6.2,6.3,6.4,6.5,6.6,6.7,6.8,6.9,7,7.1,7.2,7.3,7.4,7.5,7.6,7.7,7.8,7.9,8,8.1,8.2,8.3,8.4,8.5,8.6,8.7,8.8,8.9]|open [-9,-8.9,-8.8,-8.7,-8.6,-8.5,-8.4,-8.3,-8.2,-8.1,-8,-7.9,-7.8,-7.7,-7.6,-7.5,-7.4,-7.3,-7.2,-7.1,-7,-6.9,-6.8,-6.7,-6.6,-6.5,-6.4,-6.3,-6.2,-6.1,-6,-5.9,-5.8,-5.7,-5.6,-5.5,-5.4,-5.3,-5.2,-5.1,-5,-4.9,-4.8,-4.7,-4.6,6.6,6.7,6.8,6.9,7,7.1,7.2,7.3,7.4,7.5,7.6,7.7,7.8,7.9,8,8.1,8.2,8.3,8.4,8.5,8.6,8.7,8.8,8.9]
OTGATEWAY|Land_i_House_Big_01_V1_F|shut [-7.9,-7.8,-7.7,-7.6,-7.5,-7.4,-7.3,-7.2,-7.1,-7,-6.9,-6.8,-6.7,-6.6,-6.5,-6.4,-6.3,-6.2,-6.1,-6,-5.9,-5.8,-5.7,-5.6,-5.5,-5.4,-5.3,-5.2,-5.1,-5,-4.9,-4.8,5.1,5.2,5.3,5.4,5.5,5.6,5.7,5.8,5.9,6,6.1,6.2,6.3,6.4,6.5,6.6,6.7,6.8,6.9,7,7.1,7.2,7.3,7.4,7.5,7.6,7.7,7.8]|open [-7.9,-7.8,-7.7,-7.6,-7.5,-7.4,-7.3,-7.2,-7.1,-7,-6.9,-6.8,-6.7,-6.6,-6.5,-6.4,-6.3,-6.2,-6.1,-6,-5.9,-5.8,-5.7,-5.6,-5.5,-5.4,-5.3,-5.2,-5.1,-5,-4.9,-4.8,5.1,5.2,5.3,5.4,5.5,5.6,5.7,5.8,5.9,6,6.1,6.2,6.3,6.4,6.5,6.6,6.7,6.8,6.9,7,7.1,7.2,7.3,7.4,7.5,7.6,7.7,7.8]
OTGATEWAY|Land_i_House_Big_02_V2_F|shut [-5.3,-5.2,-5.1,-5,-4.9,5.2,5.3]|open [-5.3,-5.2,-5.1,-5,-4.9,5.2,5.3]
OTGATEWAY|Land_i_House_Big_02_V3_F|shut [-5.3,-5.2,-5.1,-5,-4.9,5.2,5.3]|open [-5.3,-5.2,-5.1,-5,-4.9,5.2,5.3]
OTMEASURE|Flag_NATO_F|[0.45,1.22,8.27]|[0,0]|[]|[
OTMEASURE|Land_BackAlley_01_l_gate_F|[3.31,2.94,3.55]|[0,0]|[
OTMEASURE|Land_BagBunker_Small_F|[5,5.69,2.52]|[0,0]|[]|[]
OTMEASURE|Land_BagBunker_Tower_F|[6.4,9.83,5.68]|[0,0]|[]|[]
OTMEASURE|Land_BagFence_Round_F|[2.86,1.08,0.92]|[0,0]|[]|[]
OTMEASURE|Land_BarGate_01_open_F|[9.72,0.54,8.82]|[0,0]|[
OTMEASURE|Land_BarGate_F|[9.72,0.54,8.82]|[0,0]|[
OTMEASURE|Land_BasaltWall_01_gate_F|[8.43,12.82,7.8]|[0,0]|[]|[]
OTMEASURE|Land_BrickWall_03_l_gate_F|[5.03,6.28,6]|[0,0]|[]|[]
OTMEASURE|Land_Cargo_Patrol_V1_F|[6.67,6.8,13.22]|[0,0]|[
OTMEASURE|Land_City_Gate_F|[4.63,4.34,4.28]|[0,0]|[
OTMEASURE|Land_ConcreteWall_01_l_gate_F|[10.61,2.94,3.01]|[0,0]|[
OTMEASURE|Land_ConcreteWall_01_l_gate_closed_F|[10.61,2.94,3.01]|[0,0]|[
OTMEASURE|Land_ConcreteWall_01_m_gate_F|[10.58,2.94,2.12]|[0,0]|[
OTMEASURE|Land_ConcreteWall_01_m_gate_closed_F|[10.58,2.94,2.12]|[0,0]|[
OTMEASURE|Land_ConcreteWall_02_m_gate_F|[2.86,0.48,3.75]|[0,0]|[]|[]
OTMEASURE|Land_EntranceGate_01_narrow_F|[11.79,1.57,6.61]|[0,0]|[]|[]
OTMEASURE|Land_FinishGate_01_narrow_F|[11.79,1.57,6.61]|[0,0]|[]|[]
OTMEASURE|Land_FinishGate_01_wide_F|[15.39,1.56,6.61]|[0,0]|[]|[]
OTMEASURE|Land_GameProofFence_01_l_gate_F|[1.51,3,2.8]|[0,0]|[
OTMEASURE|Land_LampHalogen_F|[1.02,1.57,13.72]|[0,0]|[]|[]
OTMEASURE|Land_LampShabby_F|[0.7,0.79,7.65]|[0,0]|[]|[]
OTMEASURE|Land_Mil_WallBig_Gate_F|[8,2.6,3.6]|[0,0]|[]|[]
OTMEASURE|Land_Mil_WiredFence_Gate_F|[10.8,0.83,5.82]|[0,0]|[]|[]
OTMEASURE|Land_NetFence_01_m_gate_F|[4.1,4,2.62]|[0,0]|[
OTMEASURE|Land_NetFence_02_m_gate_v1_F|[3.25,3,2.33]|[0,0]|[
OTMEASURE|Land_NetFence_02_m_gate_v1_closed_F|[3.25,3,2.33]|[0,0]|[
OTMEASURE|Land_NetFence_02_m_gate_v2_F|[4.19,4,1.94]|[0,0]|[
OTMEASURE|Land_NetFence_02_m_gate_v2_closed_F|[4.19,4,1.94]|[0,0]|[
OTMEASURE|Land_Net_Fence_Gate_F|[6.16,6.43,3.15]|[0,0]|[
OTMEASURE|Land_PipeFence_01_m_gate_v1_F|[4,4,2.3]|[0,0]|[
OTMEASURE|Land_PipeFence_01_m_gate_v1_closed_F|[4,4,2.3]|[0,0]|[
OTMEASURE|Land_PipeFence_01_m_gate_v2_F|[4.4,4,2.66]|[0,0]|[
OTMEASURE|Land_PipeFence_01_m_gate_v2_closed_F|[4.4,4,2.66]|[0,0]|[
OTMEASURE|Land_PipeFence_03_m_gate_l_F|[3.25,5.13,2.45]|[0,0]|[
OTMEASURE|Land_PipeFence_03_m_gate_r_F|[3.25,5.13,2.45]|[0,0]|[
OTMEASURE|Land_PipeFence_04_m_gate_l_F|[8.25,8.41,2.45]|[0,0]|[
OTMEASURE|Land_PipeFence_04_m_gate_r_F|[8.23,8.28,2.45]|[0,0]|[
OTMEASURE|Land_PipeFence_05_m_gate_l_F|[4.34,8.39,2.56]|[0,0]|[
OTMEASURE|Land_PipeFence_05_m_gate_r_F|[4.24,8.41,2.56]|[0,0]|[
OTMEASURE|Land_PipeFence_06_m_gate_l_F|[4.31,8.36,2.57]|[0,0]|[
OTMEASURE|Land_PipeFence_06_m_gate_r_F|[4.2,8.42,2.55]|[0,0]|[
OTMEASURE|Land_PortableLight_double_F|[1.35,1.02,2.3]|[0,0]|[
OTMEASURE|Land_PortableLight_single_F|[0.88,1,2.3]|[0,0]|[
OTMEASURE|Land_Sign_WarningMilAreaSmall_F|[1.28,0.12,2.91]|[0,0]|[]|[]
OTMEASURE|Land_Sign_WarningMilitaryArea_F|[2.09,0.1,2.91]|[0,0]|[]|[]
OTMEASURE|Land_Sign_WarningMilitaryVehicles_F|[1.28,0.12,2.91]|[0,0]|[]|[]
OTMEASURE|Land_Stone_Gate_F|[5.92,2.94,3.42]|[0,0]|[
OTMEASURE|Land_TinWall_01_m_gate_v1_F|[4,4,2.4]|[0,0]|[
OTMEASURE|Land_TinWall_01_m_gate_v1_closed_F|[4,4,2.4]|[0,0]|[
OTMEASURE|Land_TinWall_01_m_gate_v2_F|[4.1,4,2.01]|[0,0]|[
OTMEASURE|Land_TinWall_01_m_gate_v2_closed_F|[4.1,4,2.01]|[0,0]|[
OTMEASURE|Land_WallCity_01_gate_blue_F|[4.63,4.34,4.28]|[0,0]|[
OTMEASURE|Land_WallCity_01_gate_grey_F|[4.63,4.34,4.28]|[0,0]|[
OTMEASURE|Land_WallCity_01_gate_pink_F|[4.63,4.34,4.28]|[0,0]|[
OTMEASURE|Land_WallCity_01_gate_whiteblue_F|[4.63,4.34,4.28]|[0,0]|[
OTMEASURE|Land_WallCity_01_gate_yellow_F|[4.63,4.34,4.28]|[0,0]|[
OTMEASURE|Land_Wall_L1_gate_EP1_lxWS|[4.2,6.75,3.32]|[0,0]|[
OTMEASURE|Land_Wall_L_2m5_gate_EP1_lxWS|[3.86,4.39,4.77]|[0,0]|[]|[]
OTMEASURE|Land_WiredFence_01_gate_F|[3.27,2.94,2.28]|[0,0]|[
OTMEASURE|Land_WoodenWall_02_s_gate_F|[3.27,3.01,1.28]|[0,0]|[
OTMEASURE|Land_WoodenWall_02_s_gate_closed_F|[3.27,3.01,1.28]|[0,0]|[
OTMEASURE|Land_WoodenWall_03_s_gate_F|[3.25,4.23,2]|[0,0]|[
OTMEASURE|Land_WoodenWall_04_s_gate_F|[3.25,4.23,1.14]|[0,0]|[
OTMEASURE|Land_i_Addon_02_V1_F|[9.08,9.88,7.41]|[0,0]|[
OTMEASURE|Land_i_Garage_V2_F|[18,7.38,6.75]|[0,0]|[
OTMEASURE|Land_i_House_Big_01_V1_F|[15.79,16.97,13.22]|[0,0]|[
OTMEASURE|Land_i_House_Big_02_V2_F|[10.66,24.18,12.17]|[0,0]|[
OTMEASURE|Land_i_House_Big_02_V3_F|[10.66,24.18,12.17]|[0,0]|[
